Cell : Sheet_pos
(19, 4) : (64, 512)
(20, 4) : (32, 544)
(19, 5) : (0, 0)
(20, 5) : (64, 0)
(21, 5) : (96, 480)
(22, 5) : (128, 480)
(16, 6) : (64, 544)
(17, 6) : (0, 544)
(19, 6) : (160, 32)
(20, 6) : (192, 32)
(21, 6) : (96, 512)
(22, 6) : (128, 512)
(15, 7) : (0, 0)
(16, 7) : (32, 0)
(17, 7) : (32, 0)
(18, 7) : (32, 0)
(19, 7) : (32, 0)
(20, 7) : (32, 0)
(21, 7) : (32, 0)
(22, 7) : (64, 0)
(15, 8) : (0, 64)
(16, 8) : (32, 64)
(17, 8) : (128, 64)
(18, 8) : (192, 64)
(19, 8) : (160, 64)
(20, 8) : (32, 64)
(21, 8) : (32, 64)
(22, 8) : (64, 64)
